2009_000397.jpg 172,207,446,290,6 297,220,337,303,14 52,205,71,273,14 75,200,94,276,14 41,92,465,227,0 188,191,216,249,14 231,200,250,223,14 91,208,103,274,14
2009_002785.jpg 352,7,463,104,1 18,130,135,299,8 1,32,182,144,1 1,9,112,123,1
2010_005320.jpg 56,23,300,337,2
2008_006094.jpg 1,65,439,333,3 315,18,393,35,3
2009_002137.jpg 184,163,248,280,4
2009_003636.jpg 73,36,425,342,5 301,98,365,142,14 67,168,82,200,6 1,158,12,208,14
2010_002891.jpg 1,1,500,332,7
2009_001873.jpg 60,21,500,396,9 52,120,224,396,9
2011_000427.jpg 1,202,459,375,10 315,34,500,375,14 144,54,329,250,14 76,104,151,210,14
2007_003373.jpg 232,160,441,329,11 176,1,330,196,14
2009_001911.jpg 27,80,128,327,12 153,91,322,229,12 348,78,500,322,12
2011_002093.jpg 1,105,377,500,13 1,92,377,352,13 0,52,321,187,13 1,39,289,118,13 1,1,275,93,13
